2070919614 199 0 1 1
2070924437 199 0 1 0
2070929520 199 0 1 1
2070934167 199 0 1 0
2070939162 199 0 1 1
2070943465 199 0 1 0
2070948372 199 0 1 1
2070952679 199 0 1 0
2070958282 199 0 1 1
2070963209 199 0 1 0
2070967620 199 0 1 1
2070972547 199 0 1 0
2070977478 199 0 1 1
2070982061 199 0 1 0
2070986992 199 0 1 1
2070991495 199 0 1 0
2070995746 199 0 1 1
2071002609 199 0 1 0
2071007428 199 0 1 1
2071013487 199 0 1 0
2071018782 199 0 1 1
2071025357 199 0 1 0
2071030992 199 0 1 1
2071037147 199 0 1 0
2071043810 199 0 1 1
2071049361 199 0 1 0
2071056112 199 0 1 1
2071062351 199 0 1 0
2071069530 199 0 1 1
2071075695 199 0 1 0
2071081671 199 0 1 1
2071088238 199 0 1 0
2071093300 199 0 1 1
2071101010 199 0 1 0
2071106081 199 0 1 1
2071111765 199 0 1 0
2071116159 199 0 1 1
2071121489 199 0 1 0
2071126163 199 0 1 1
2071131604 199 0 1 0
2071136108 199 0 1 1
2071141410 199 0 1 0
2071145658 199 0 1 1
2071150597 199 0 1 0
2071154932 199 0 1 1
2071160937 199 0 1 0
2071164857 199 0 1 1
2071170073 199 0 1 0
2071174483 199 0 1 1
2071179476 199 0 1 0
2071184056 199 0 1 1
2071189256 199 0 1 0
2071193829 199 0 1 1
2071198767 199 0 1 0
2071203275 199 0 1 1
2071208429 199 0 1 0
2071212940 199 0 1 1
2071218113 199 0 1 0
2071222579 199 0 1 1
2071227472 199 0 1 0
2071352127 199 0 1 1
2071354277 199 0 1 0
