2004068448 349 1 1 1
2004068491 349 1 1 0
2004068535 349 1 1 1
2004071008 349 1 1 0
2004080162 349 1 1 1
2004082891 349 1 1 0
2004089325 349 1 1 1
2004089363 349 1 1 0
2004089477 349 1 1 1
2004093663 349 1 1 0
2004101318 349 1 1 1
2004101340 349 1 1 0
2004101406 349 1 1 1
2004103558 349 1 1 0
2004117548 349 1 1 1
2004117575 349 1 1 0
2004117648 349 1 1 1
2004118719 349 1 1 0
2004118762 349 1 1 1
2004118783 349 1 1 0
2004163153 348 1 1 1
2004163178 348 1 1 0
2004163208 348 1 1 1
2004163247 348 1 1 0
2004163294 348 1 1 1
2004163323 348 1 1 0
2004163378 348 1 1 1
2004163427 348 1 1 0
2004163444 348 1 1 1
2004166031 348 1 1 0
2004177070 348 1 1 1
2004179328 348 1 1 0
2004189558 348 1 1 1
2004192156 348 1 1 0
2004224091 348 1 1 1
2004224091 348 1 1 0
2004224154 348 1 1 1
2004227595 348 1 1 0
2004232321 348 1 1 1
2004235640 348 1 1 0
2004240576 348 1 1 1
2004245003 348 1 1 0
2004252224 348 1 1 1
2004255005 348 1 1 0
2004260172 348 1 1 1
2004260225 348 1 1 0
2004260248 348 1 1 1
2004260576 348 1 1 0
2004260598 348 1 1 1
2004262666 348 1 1 0
2004574281 351 1 1 1
2004574281 351 1 1 0
2004574442 351 1 1 1
2004574447 351 1 1 0
2004574508 351 1 1 1
2004577079 351 1 1 0
2004585941 351 1 1 1
2004588915 351 1 1 0
2004594343 351 1 1 1
2004597411 351 1 1 0
2004606310 351 1 1 1
2004606332 351 1 1 0
2004606596 351 1 1 1
2004606618 351 1 1 0
2004606661 351 1 1 1
2004608964 351 1 1 0
2004633795 351 1 1 1
2004633837 351 1 1 0
2004633860 351 1 1 1
2004633972 351 1 1 0
2004634019 351 1 1 1
2004635891 351 1 1 0
2004646768 351 1 1 1
2004649619 351 1 1 0
2004654938 351 1 1 1
2004655004 351 1 1 0
2004655046 351 1 1 1
2004657917 351 1 1 0
2004676605 351 1 1 1
2004680133 351 1 1 0
2004687107 351 1 1 1
2004689630 351 1 1 0
2004697437 351 1 1 1
2004702386 351 1 1 0
2004709424 351 1 1 1
2004712967 351 1 1 0
2004717939 351 1 1 1
2004718105 351 1 1 0
2004718171 351 1 1 1
2004720832 351 1 1 0
2004725876 351 1 1 1
2004725897 351 1 1 0
2004725940 351 1 1 1
2004730652 351 1 1 0
2004736437 351 1 1 1
2004736459 351 1 1 0
2004736460 351 1 1 1
2004739458 351 1 1 0
2004744028 351 1 1 1
2004744072 351 1 1 0
2004744204 351 1 1 1
2004747943 351 1 1 0
2004758319 351 1 1 1
2004761403 351 1 1 0
2004767536 351 1 1 1
2004767558 351 1 1 0
2004767705 351 1 1 1
2004770922 351 1 1 0
2004776311 351 1 1 1
2004776334 351 1 1 0
2004776404 351 1 1 1
2004780616 351 1 1 0
2004783442 351 1 1 1
2004783506 351 1 1 0
2004783571 351 1 1 1
2004787308 351 1 1 0
2004791231 351 1 1 1
2004795344 351 1 1 0
2004799502 351 1 1 1
2004799566 351 1 1 0
2004799610 351 1 1 1
2004805543 351 1 1 0
2004808490 351 1 1 1
2004814057 351 1 1 0
2004817197 351 1 1 1
2004817222 351 1 1 0
2004817247 351 1 1 1
2004822775 351 1 1 0
2004827190 351 1 1 1
2004830477 351 1 1 0
2004834248 351 1 1 1
2004837084 351 1 1 0
2004840940 351 1 1 1
2004845490 351 1 1 0
2004848740 351 1 1 1
2004854775 351 1 1 0
2004858768 351 1 1 1
2004862053 351 1 1 0
2004867377 351 1 1 1
2004867377 351 1 1 0
2004867465 351 1 1 1
2004869972 351 1 1 0
2004873541 351 1 1 1
2004875708 351 1 1 0
2004880907 351 1 1 1
2004884105 351 1 1 0
2004893466 351 1 1 1
2004893549 351 1 1 0
2004893559 351 1 1 1
2004893614 351 1 1 0
2004893650 351 1 1 1
2004896435 351 1 1 0
2004902288 351 1 1 1
2004904862 351 1 1 0
2004912905 351 1 1 1
2004915488 351 1 1 0
2004923814 351 1 1 1
2004923860 351 1 1 0
2004923956 351 1 1 1
2004927088 351 1 1 0
2004932489 351 1 1 1
2004937911 351 1 1 0
2004942243 351 1 1 1
2004945012 351 1 1 0
2005813611 344 1 4 1
2005813675 344 1 4 0
2005813717 344 1 4 1
2005817554 344 1 4 0
2005822398 344 1 4 1
2005823193 350 1 1 1
2005825808 344 1 4 0
2005826021 350 1 1 0
2005829921 344 1 4 1
2005832685 344 1 4 0
2005840906 350 1 1 1
2005843051 344 1 4 1
2005843665 350 1 1 0
2005846222 344 1 4 0
2005852494 350 1 1 1
2005853534 344 1 4 1
2005855914 350 1 1 0
2005855922 344 1 4 0
2005860494 350 1 1 1
2005861129 344 1 4 1
2005863353 350 1 1 0
2005865343 344 1 4 0
2005867719 350 1 1 1
2005868802 344 1 4 1
2005873410 344 1 4 0
2005874198 350 1 1 0
2005877043 344 1 4 1
2005877116 350 1 1 1
2005882060 344 1 4 0
2005883793 350 1 1 0
2005885124 344 1 4 1
2005886890 350 1 1 1
2005890472 344 1 4 0
2005891718 350 1 1 0
2005894360 344 1 4 1
2005894395 344 1 4 0
2005894449 344 1 4 1
2005895377 350 1 1 1
2005897799 344 1 4 0
2005902492 344 1 4 1
2005902532 344 1 4 0
2005902555 344 1 4 1
2005902669 350 1 1 0
2005905416 350 1 1 1
2005907121 344 1 4 0
2005910432 344 1 4 1
2005910553 344 1 4 0
2005910553 344 1 4 1
2005911154 350 1 1 0
2005913873 344 1 4 0
2005915516 350 1 1 1
2005918016 344 1 4 1
2005920683 344 1 4 0
2005920746 350 1 1 0
2005924072 350 1 1 1
2005927839 350 1 1 0
2005930359 344 1 4 1
2005931966 350 1 1 1
2005932892 344 1 4 0
2005936923 350 1 1 0
2005943391 344 1 4 1
2005943456 344 1 4 0
2005943477 344 1 4 1
2005943862 350 1 1 1
2005946537 344 1 4 0
2005948130 350 1 1 0
2005953310 344 1 4 1
2005953360 344 1 4 0
2005953402 344 1 4 1
2005953449 344 1 4 0
2005953470 344 1 4 1
2005954492 350 1 1 1
2005956014 344 1 4 0
2005957572 350 1 1 0
2005961514 350 1 1 1
2005963859 344 1 4 1
2005965470 350 1 1 0
2005967855 344 1 4 0
2005970134 350 1 1 1
2005972403 344 1 4 1
2005972536 344 1 4 0
2005972594 344 1 4 1
2005973448 350 1 1 0
2005976292 344 1 4 0
2005980240 350 1 1 1
2005981561 344 1 4 1
2005982875 350 1 1 0
2005985882 344 1 4 0
2005990598 344 1 4 1
2005990619 344 1 4 0
2005990677 344 1 4 1
2005994233 344 1 4 0
2006000329 344 1 4 1
2006003954 344 1 4 0
2006005173 350 1 1 1
2006005261 350 1 1 0
2006005410 350 1 1 1
2006005477 350 1 1 0
2006005614 350 1 1 1
2006007781 350 1 1 0
2006012438 344 1 4 1
2006015306 344 1 4 0
2006017171 350 1 1 1
2006020693 350 1 1 0
2006026791 350 1 1 1
2006030097 350 1 1 0
2006034428 350 1 1 1
2006034428 350 1 1 0
2006034453 350 1 1 1
2006038708 350 1 1 0
2006042005 350 1 1 1
2006046467 350 1 1 0
2006051281 350 1 1 1
2006051316 350 1 1 0
2006051379 350 1 1 1
2006051634 344 1 4 1
2006051634 344 1 4 0
2006051719 344 1 4 1
2006054709 344 1 4 0
2006055056 350 1 1 0
2006058795 350 1 1 1
2006063209 350 1 1 0
2006067975 350 1 1 1
2006074259 350 1 1 0
2006076776 350 1 1 1
2006082949 350 1 1 0
2006087658 350 1 1 1
2006089998 350 1 1 0
2006095948 350 1 1 1
2006096000 350 1 1 0
2006096065 350 1 1 1
2006098594 350 1 1 0
2006100507 344 1 4 1
2006102806 344 1 4 0
2006103826 350 1 1 1
2006103848 350 1 1 0
2006103911 350 1 1 1
2006103933 350 1 1 0
2006103976 350 1 1 1
2006106940 350 1 1 0
2006112060 350 1 1 1
2006113312 344 1 4 1
2006115515 350 1 1 0
2006116990 344 1 4 0
2006119246 350 1 1 1
2006119288 350 1 1 0
2006119310 350 1 1 1
2006124552 344 1 4 1
2006125070 350 1 1 0
2006127298 344 1 4 0
2006128037 350 1 1 1
2006133303 350 1 1 0
2006134344 344 1 4 1
2006134374 344 1 4 0
2006134502 344 1 4 1
2006134537 344 1 4 0
2006134568 344 1 4 1
2006136887 350 1 1 1
2006137097 344 1 4 0
2006138580 133 0 1 1
2006140790 350 1 1 0
2006142483 133 0 1 0
2006145294 133 0 1 1
2006145715 350 1 1 1
2006147699 344 1 4 1
2006149401 350 1 1 0
2006150634 344 1 4 0
2006153398 350 1 1 1
2006157406 350 1 1 0
2006160825 350 1 1 1
2006167695 344 1 4 1
2006167737 344 1 4 0
2006167782 344 1 4 1
2006167825 344 1 4 0
2006167958 344 1 4 1
2006167979 344 1 4 0
2006168220 344 1 4 1
2006168263 344 1 4 0
2006168285 344 1 4 1
2006168299 350 1 1 0
2006170526 344 1 4 0
2006170760 350 1 1 1
2006178343 350 1 1 0
2006181210 350 1 1 1
2006187023 350 1 1 0
2006190772 350 1 1 1
2006194754 350 1 1 0
2006197994 344 1 4 1
2006198016 344 1 4 0
2006198083 344 1 4 1
2006198108 344 1 4 0
2006198177 344 1 4 1
2006198204 344 1 4 0
2006198242 344 1 4 1
2006198287 344 1 4 0
2006198355 344 1 4 1
2006198372 344 1 4 0
2006198438 344 1 4 1
2006198720 344 1 4 0
2006198749 344 1 4 1
2006199038 350 1 1 1
2006199156 344 1 4 0
2006199302 344 1 4 1
2006199328 344 1 4 0
2006199381 344 1 4 1
2006199512 344 1 4 0
2006199551 344 1 4 1
2006199600 344 1 4 0
2006199619 344 1 4 1
2006199768 344 1 4 0
2006199811 344 1 4 1
2006199860 344 1 4 0
2006199909 344 1 4 1
2006200296 344 1 4 0
2006200338 344 1 4 1
2006200375 344 1 4 0
2006203443 350 1 1 0
2006210568 350 1 1 1
2006213718 350 1 1 0
2006219937 350 1 1 1
2006220021 350 1 1 0
2006220075 350 1 1 1
2006223245 350 1 1 0
2006231209 350 1 1 1
2006233670 350 1 1 0
2006243108 350 1 1 1
2006243198 350 1 1 0
2006243246 350 1 1 1
2006245774 350 1 1 0
2006252923 350 1 1 1
2006255547 350 1 1 0
2006261934 348 1 1 1
2006261945 348 1 1 0
2006262022 348 1 1 1
2006262037 348 1 1 0
2006262105 348 1 1 1
2006265042 348 1 1 0
2006278152 348 1 1 1
2006278199 348 1 1 0
2006278267 348 1 1 1
2006280787 348 1 1 0
2006280815 133 0 1 0
2006285079 133 0 1 1
2006288231 348 1 1 1
2006288247 348 1 1 0
2006288305 348 1 1 1
2006288354 348 1 1 0
2006288383 348 1 1 1
2006291837 348 1 1 0
2006292460 133 0 1 0
2006298928 133 0 1 1
2006299357 348 1 1 1
2006302264 348 1 1 0
2006304863 133 0 1 0
2006314927 133 0 1 1
2006315064 348 1 1 1
2006317629 348 1 1 0
2006318239 133 0 1 0
2006323295 133 0 1 1
2006323711 348 1 1 1
2006326887 348 1 1 0
2006328091 133 0 1 0
2006330850 133 0 1 1
2006331984 348 1 1 1
2006335961 348 1 1 0
2006336453 133 0 1 0
2006341980 348 1 1 1
2006342408 133 0 1 1
2006345046 348 1 1 0
2006347550 133 0 1 0
2006353142 348 1 1 1
2006353188 348 1 1 0
2006353231 348 1 1 1
2006353252 348 1 1 0
2006353391 348 1 1 1
2006354175 133 0 1 1
2006355827 348 1 1 0
2006359891 133 0 1 0
2006366171 133 0 1 1
2006366802 348 1 1 1
2006366854 348 1 1 0
2006366889 348 1 1 1
2006369912 348 1 1 0
2006373175 133 0 1 0
2006377241 133 0 1 1
2006377831 348 1 1 1
2006381309 348 1 1 0
2006385076 348 1 1 1
2006388823 348 1 1 0
2006389135 133 0 1 0
2006392803 133 0 1 1
2006392836 347 1 4 1
2006395494 347 1 4 0
2006395883 348 1 1 1
2006400295 348 1 1 0
2006401832 347 1 4 1
2006401979 133 0 1 0
2006404841 347 1 4 0
2006405574 133 0 1 1
2006408369 347 1 4 1
2006409648 348 1 1 1
2006409676 348 1 1 0
2006410302 348 1 1 1
2006410378 348 1 1 0
2006410430 348 1 1 1
2006411555 347 1 4 0
2006413004 348 1 1 0
2006413415 133 0 1 0
2006415889 347 1 4 1
2006420175 347 1 4 0
2006422959 133 0 1 1
2006423222 133 0 1 0
2006424327 347 1 4 1
2006426911 347 1 4 0
2006428257 348 1 1 1
2006429096 133 0 1 1
2006431688 348 1 1 0
2006432336 133 0 1 0
2006440718 133 0 1 1
2006442948 133 0 1 0
2006443037 347 1 4 1
2006447278 347 1 4 0
2006449005 133 0 1 1
2006451405 347 1 4 1
2006452142 133 0 1 0
2006455865 347 1 4 0
2006468635 347 1 4 1
2006468680 347 1 4 0
2006468795 347 1 4 1
2006471233 347 1 4 0
2006476132 347 1 4 1
2006476153 347 1 4 0
2006476242 347 1 4 1
2006479139 347 1 4 0
2006488073 347 1 4 1
2006488339 347 1 4 0
2006488404 347 1 4 1
2006490533 347 1 4 0
2006499630 347 1 4 1
2006503056 347 1 4 0
2006514841 347 1 4 1
2006517269 347 1 4 0
2007993557 201 0 1 1
2008062710 353 1 3 1
2008063357 201 0 1 0
2008065768 353 1 3 0
2008071791 353 1 3 1
2008071812 353 1 3 0
2008071833 353 1 3 1
2008071840 353 1 3 0
2008071917 353 1 3 1
2008075493 353 1 3 0
2008082141 353 1 3 1
2008082162 353 1 3 0
2008082190 353 1 3 1
2008084972 353 1 3 0
2008116969 353 1 3 1
2008116991 353 1 3 0
2008117110 353 1 3 1
2008119326 353 1 3 0
2008324450 353 1 3 1
2008324467 353 1 3 0
2008324550 353 1 3 1
2008324571 353 1 3 0
